3
rs722208
rs6486431
rs144848
2.019220874273e-001
1.531822732207e-001
2.905020806459e-002
5.769202497923e-002
4.376636377735e-002
8.299865661969e-003
4.120671353150e-003
3.125938877400e-003
5.909627346531e-004
1.662887778813e-001
1.261501073582e-001
2.392300703534e-002
4.751107939466e-002
3.604288781664e-002
6.834980736124e-003
3.393396585322e-003
2.574226606600e-003
4.862335751550e-004
3.423399089435e-002
2.596987753278e-002
4.921641857550e-003
9.780911591718e-003
7.419786718334e-003
1.405675153453e-003
6.968629056574e-004
5.280505657567e-004
8.810962112286e-005
