3
rs722208
rs6486431
rs144848
1.943210153772e-001
1.474159427000e-001
2.955896747257e-002
5.552029010777e-002
4.211884077142e-002
8.639010550721e-003
4.153121371987e-003
3.238222501299e-003
2.500000000000e-003
1.600290714871e-001
1.214013645764e-001
2.503570910488e-002
4.572259185346e-002
3.468610416470e-002
7.317026729792e-003
3.517590343534e-003
2.742693791136e-003
2.500000000000e-003
3.487919138033e-002
2.719558910961e-002
8.833847892161e-003
1.019391839769e-002
7.948281057824e-003
3.031682724908e-003
2.500000000000e-003
2.500000000000e-003
1.250000000000e-002
