5
rs10493590
rs16888684
rs2714088
rs11659813
rs4820338
6.870750391800e-002
2.114083477935e-002
1.626100082376e-003
1.114276793291e-002
3.428553516779e-003
2.637173983602e-004
4.517425926441e-004
1.389980996958e-004
1.053307061402e-005
8.847254556233e-002
2.722240468014e-002
2.093879000265e-003
1.434820234615e-002
4.414843789378e-003
3.395808186835e-004
5.816951714974e-004
1.789836182502e-004
1.361179712699e-005
2.847867463114e-002
8.762697790095e-003
6.731052531481e-004
4.618613775227e-003
1.421116180946e-003
1.091760467302e-004
1.870358944949e-004
5.750323087845e-005
4.216418545281e-006
4.581525811257e-002
1.409703629252e-002
1.084325439098e-003
7.430032104660e-003
2.286168734066e-003
1.758499480121e-004
3.012221176692e-004
9.262261465748e-005
6.965657352955e-006
5.899492123965e-002
1.815232703785e-002
1.396252942936e-003
9.567428423396e-003
2.943830589965e-003
2.264366626177e-004
3.878746513338e-004
1.193049111032e-004
9.018141694936e-006
1.899035318759e-002
5.843200656652e-003
4.489788120060e-004
3.079753265642e-003
9.476186218076e-004
7.278395225859e-005
1.247470779384e-004
3.827909752924e-005
2.737639056881e-006
7.636862780483e-003
2.349808689989e-003
1.805971477055e-004
1.238484900133e-003
3.810729821622e-004
2.916289542178e-005
5.007190092412e-005
1.528962162877e-005
9.692178337674e-007
9.833758846724e-003
3.025778087551e-003
2.325492400929e-004
1.594759945614e-003
4.906962772155e-004
3.760088660548e-005
6.452481149890e-005
1.973667103639e-005
1.311298557431e-006
3.162872734435e-003
9.731960602801e-004
7.475967710305e-005
5.129681658678e-004
1.578370182952e-004
1.193893365137e-005
2.060622454172e-005
6.188124529815e-006
2.070306002376e-007
5.432695765154e-002
1.671603776212e-002
1.285755927095e-003
8.810574637659e-003
2.710953571200e-003
2.085210854187e-004
3.571923714770e-004
1.098789392691e-004
8.293066938466e-006
6.995515735064e-002
2.152472929568e-002
1.655628316703e-003
1.134510821086e-002
3.490812234663e-003
2.685062172877e-004
4.599457337402e-004
1.415221498961e-004
1.072740883244e-005
2.251806372947e-002
6.928657628017e-003
5.322249783026e-004
3.651933386017e-003
1.123675166118e-003
8.632557531719e-005
1.478893649970e-004
4.543226342662e-005
3.287882587449e-006
3.622606746270e-002
1.114650897506e-002
8.573748497411e-004
5.874916431455e-003
1.807670548838e-003
1.390266414177e-004
2.381759189340e-004
7.320924946938e-005
5.472321569254e-006
4.664721075276e-002
1.435302232559e-002
1.104015562509e-003
7.564952850513e-003
2.327682899438e-003
1.790431808302e-004
3.066919600247e-004
9.430687921718e-005
7.095216165239e-006
1.501565012466e-002
4.620211927096e-003
3.550076685767e-004
2.435157009322e-003
7.492808420322e-004
5.751469428533e-005
9.863393478838e-005
3.023178589469e-005
2.118615084992e-006
6.038456597295e-003
1.857990400919e-003
1.427981130503e-004
9.792681615453e-004
3.013138371591e-004
2.302362608879e-005
3.955632811390e-005
1.205406076408e-005
7.203285364840e-007
7.775539221654e-003
2.392478449407e-003
1.838766183107e-004
1.260974309967e-003
3.879928132034e-004
2.969552609451e-005
5.098421089396e-005
1.557033238872e-005
9.908109691482e-007
2.500882622349e-003
7.695058579206e-004
5.906627307499e-005
4.056037002830e-004
1.248016592107e-004
9.394057322497e-006
1.624726407300e-005
4.846905924057e-006
1.038599382562e-007
1.073825463266e-002
3.304089094343e-003
2.538052551720e-004
1.741507357932e-003
5.358500106551e-004
4.109243169674e-005
7.050526204373e-005
2.157680966557e-005
1.452847682752e-006
1.382731975117e-002
4.254573779903e-003
3.268165699557e-004
2.242485690749e-003
6.899976510660e-004
5.296220728831e-005
9.081241465222e-005
2.783250220707e-005
1.934054801329e-006
4.444960144614e-003
1.367690094993e-003
1.050744151128e-004
7.209621960311e-004
2.218360116178e-004
1.688401633694e-005
2.907634927679e-005
8.794316755992e-006
4.075069253281e-007
7.160549177007e-003
2.203251544893e-003
1.692941900037e-004
1.161258783077e-003
3.573112314309e-004
2.733856474144e-005
4.694711830610e-005
1.432815005399e-005
8.952584818615e-007
9.220421720244e-003
2.837060115142e-003
2.179946512309e-004
1.495317829228e-003
4.600988724312e-004
3.525174846915e-005
6.050111881268e-005
1.849861174832e-005
1.216063227579e-006
2.964908690352e-003
9.122848760799e-004
7.009626246939e-005
4.808789140358e-004
1.479635252815e-004
1.118270425132e-005
1.931092621122e-005
5.789571197355e-006
1.763726515868e-007
1.192605557843e-003
3.669572238861e-004
2.805191771043e-005
1.934216868084e-004
5.943092097048e-005
4.364702398515e-006
7.632794659291e-006
2.196299950606e-006
-1.000328289323e-007
1.535680481148e-003
4.725192214833e-004
3.618491209724e-005
2.490630397437e-004
7.657615238052e-005
5.683566353133e-006
9.891794743721e-006
2.891376899662e-006
-4.656537131267e-008
4.939711448891e-004
1.519921613169e-004
1.143346783566e-005
8.007355861922e-005
2.448576578443e-005
1.614541465977e-006
2.969245125961e-006
7.156859569832e-007
-2.946199067509e-007
