5
rs10493590
rs16888684
rs2714088
rs11659813
rs4820338
7.244851866932e-002
2.222757320189e-002
1.827672919427e-003
1.073887817010e-002
3.294742322085e-003
2.709117753823e-004
4.266111572809e-004
1.308864680931e-004
1.690000000000e-004
9.342045828412e-002
2.866187070770e-002
2.356736132945e-003
1.384750079829e-002
4.248483520583e-003
3.493336050982e-004
5.501038607043e-004
1.687746562253e-004
1.690000000000e-004
3.228481970836e-002
9.905146531054e-003
1.709408938534e-003
4.785504962142e-003
1.468217208685e-003
2.533817760663e-004
3.990062542280e-004
1.690000000000e-004
2.197000000000e-004
3.805376738187e-002
1.167508895453e-002
9.599898162645e-004
5.640622877226e-003
1.730571724731e-003
1.422970941402e-004
2.240785876627e-004
1.300000000000e-004
1.690000000000e-004
4.906933162398e-002
1.505471996768e-002
1.237881605183e-003
7.273434762739e-003
2.231526697680e-003
1.834883582334e-004
2.889434419861e-004
1.300000000000e-004
1.690000000000e-004
1.695768307914e-002
5.202703228433e-003
8.978713616542e-004
2.513598565973e-003
7.711847964809e-004
1.690000000000e-004
2.095790426248e-004
1.690000000000e-004
2.197000000000e-004
5.356852603698e-003
1.643509564687e-003
2.836333548054e-004
7.940340057039e-004
2.436136626496e-004
1.690000000000e-004
1.690000000000e-004
1.690000000000e-004
2.197000000000e-004
6.907520462663e-003
2.119262333412e-003
3.657377469859e-004
1.023885954723e-003
3.141334071009e-004
1.690000000000e-004
1.690000000000e-004
1.690000000000e-004
2.197000000000e-004
5.010224546109e-003
1.537162317491e-003
2.197000000000e-004
7.426541217649e-004
2.278500535057e-004
2.197000000000e-004
2.197000000000e-004
2.197000000000e-004
2.856100000000e-004
5.719088084635e-002
1.754645248573e-002
1.442765512407e-003
8.477273422983e-003
2.600870508089e-003
2.138578310549e-004
3.367669665565e-004
1.300000000000e-004
1.690000000000e-004
7.374613582819e-002
2.262568873160e-002
1.860408160735e-003
1.093122099279e-002
3.353754076220e-003
2.757640453076e-004
4.342521410860e-004
1.332307607023e-004
1.690000000000e-004
2.548564568331e-002
7.819125434556e-003
1.349407892901e-003
3.777678951984e-003
1.159011074080e-003
2.000196447050e-004
3.149756483864e-004
1.690000000000e-004
2.197000000000e-004
3.003965458596e-002
9.216318477354e-003
7.578162287388e-004
4.452709272678e-003
1.366113802229e-003
1.300000000000e-004
1.768876996054e-004
1.300000000000e-004
1.690000000000e-004
3.873534407137e-002
1.188420014185e-002
9.771840844263e-004
5.741651430558e-003
1.761567797611e-003
1.448457611717e-004
2.280920337017e-004
1.300000000000e-004
1.690000000000e-004
1.338639975285e-002
4.107015379767e-003
7.087799033421e-004
1.984235409123e-003
6.087734934563e-004
1.690000000000e-004
1.690000000000e-004
1.690000000000e-004
2.197000000000e-004
4.228700939600e-003
1.297386908805e-003
2.239002494001e-004
6.268106655905e-004
1.923086932492e-004
1.690000000000e-004
1.690000000000e-004
1.690000000000e-004
2.197000000000e-004
5.452798580010e-003
1.672946277143e-003
2.887134794896e-004
8.082558582615e-004
2.479769991898e-004
1.690000000000e-004
1.690000000000e-004
1.690000000000e-004
2.197000000000e-004
3.955072654251e-003
1.213436362204e-003
2.197000000000e-004
5.862513708771e-004
1.798648957939e-004
2.197000000000e-004
2.197000000000e-004
2.197000000000e-004
2.856100000000e-004
1.209951464874e-002
3.712192498921e-003
6.406422175906e-004
1.793483374356e-003
5.502498011290e-004
1.690000000000e-004
1.690000000000e-004
1.690000000000e-004
2.197000000000e-004
1.560200573127e-002
4.786774538082e-003
8.260912805773e-004
2.312649614302e-003
7.095326382979e-004
1.690000000000e-004
1.928243032333e-004
1.690000000000e-004
2.197000000000e-004
1.131658639390e-002
3.471986136997e-003
3.994586126476e-004
1.677431710373e-003
5.146445616601e-004
2.197000000000e-004
2.197000000000e-004
2.197000000000e-004
2.856100000000e-004
6.355300623579e-003
1.949838484282e-003
3.364989425728e-004
9.420316713791e-004
2.890200975627e-004
1.690000000000e-004
1.690000000000e-004
1.690000000000e-004
2.197000000000e-004
8.194992909352e-003
2.514265413942e-003
4.339065312123e-004
1.214725049936e-003
3.726838100150e-004
1.690000000000e-004
1.690000000000e-004
1.690000000000e-004
2.197000000000e-004
5.944065580632e-003
1.823669486099e-003
2.197000000000e-004
8.810752418123e-004
2.703183556195e-004
2.197000000000e-004
2.197000000000e-004
2.197000000000e-004
2.856100000000e-004
1.877702456967e-003
5.760886430832e-004
2.197000000000e-004
2.783275392711e-004
1.690000000000e-004
2.197000000000e-004
2.197000000000e-004
2.197000000000e-004
2.856100000000e-004
2.421247905036e-003
7.428511450283e-004
2.197000000000e-004
3.588960374812e-004
1.690000000000e-004
2.197000000000e-004
2.197000000000e-004
2.197000000000e-004
2.856100000000e-004
1.170800796185e-003
3.592076260499e-004
2.856100000000e-004
2.197000000000e-004
2.197000000000e-004
2.856100000000e-004
2.856100000000e-004
2.856100000000e-004
3.712930000000e-004
