3
rs722208
rs6486431
rs144848
1.949910912817e-001
1.479242761447e-001
2.955896747257e-002
5.571174036620e-002
4.226407889849e-002
8.639010550721e-003
4.153121371987e-003
3.238222501299e-003
2.500000000000e-003
1.605808987026e-001
1.218199921192e-001
2.503570910488e-002
4.588025677216e-002
3.480571203405e-002
7.317026729792e-003
3.517590343534e-003
2.742693791136e-003
2.500000000000e-003
3.487919138033e-002
2.719558910961e-002
6.602691964159e-003
1.019391839769e-002
7.948281057824e-003
2.500000000000e-003
2.500000000000e-003
2.500000000000e-003
1.250000000000e-002
