5
rs722208
rs6486431
rs144848
rs1799949
rs738722
3.422713450042e-002
2.596541237963e-002
4.923343018101e-003
9.779181285834e-003
7.418689251323e-003
1.406638036545e-003
6.983588512950e-004
5.297752696263e-004
9.989754736117e-005
2.818705194152e-002
2.138328078322e-002
4.054405381980e-003
8.053443411864e-003
6.109508795207e-003
1.158374945064e-003
5.751032618115e-004
4.362732028591e-004
8.214915488390e-005
5.801875482823e-003
4.401303492442e-003
8.346605295373e-004
1.657641661098e-003
1.257486396710e-003
2.380566025273e-004
1.178443905078e-004
8.923585704951e-005
1.529301772664e-005
3.685999100045e-002
2.796275179345e-002
5.301901129348e-003
1.053142600013e-002
7.989357655270e-003
1.514794030025e-003
7.520562006287e-004
5.705096214316e-004
1.076340261333e-004
3.035528670625e-002
2.302814853578e-002
4.366146709717e-003
8.672939058930e-003
6.579471010223e-003
1.247440959488e-003
6.193228645488e-004
4.698177800061e-004
8.852037269625e-005
6.247984111711e-003
4.739717556421e-003
8.987701954861e-004
1.785097178484e-003
1.354172939593e-003
2.564207009276e-004
1.269613956759e-004
9.615220579768e-005
1.660473904095e-005
9.921500760736e-003
7.526450714234e-003
1.427293950524e-003
2.834650823332e-003
2.150364838174e-003
4.075713569917e-004
2.020013612898e-004
1.530790762634e-004
2.740121447410e-005
8.170419720657e-003
6.198075783474e-003
1.175303645321e-003
2.334351699324e-003
1.770836741604e-003
3.355275863444e-004
1.662346487074e-004
1.259457080975e-004
2.225523085643e-005
1.681978088771e-003
1.275861263443e-003
2.405054772293e-004
4.804206729599e-004
3.642937264959e-004
6.745916538027e-005
3.260473704325e-005
2.430995515297e-005
3.698460042103e-007
3.963141889522e-002
3.006521433431e-002
5.700535623256e-003
1.132326254149e-002
8.590061238373e-003
1.628686947646e-003
8.086011208403e-004
6.134045680311e-004
1.157776879987e-004
3.263763909018e-002
2.475958827531e-002
4.694424445961e-003
9.325039740052e-003
7.074168078660e-003
1.341232352180e-003
6.658879354894e-004
5.051419900634e-004
9.522691776189e-005
6.717751820530e-003
5.096082983643e-003
9.663439449658e-004
1.919313394457e-003
1.455989193063e-003
2.757513308227e-004
1.365582432212e-004
1.034325729010e-004
1.798549831917e-005
4.267998957947e-002
3.237792312925e-002
6.138846485430e-003
1.219428273699e-002
9.250835179787e-003
1.753914480024e-003
8.707742476280e-004
6.605685143153e-004
1.247357160507e-004
3.514822671251e-002
2.666417198880e-002
5.055371502776e-003
1.004235048929e-002
7.618334853942e-003
1.444356574080e-003
7.170872504070e-004
5.439812623929e-004
1.026041173341e-004
7.234275546974e-003
5.487912830478e-003
1.040557087174e-003
2.066886713883e-003
1.567936766559e-003
2.970150237073e-004
1.471147755210e-004
1.114409767147e-004
1.950433352521e-005
1.148769382151e-002
8.714557215177e-003
1.652473551038e-003
3.282122144554e-003
2.489814161932e-003
4.720315728341e-004
2.340031567581e-004
1.773563004118e-004
3.200551560570e-005
9.460181343088e-003
7.176481790735e-003
1.360714198263e-003
2.702844508695e-003
2.050373119343e-003
3.886124699793e-004
1.925890685049e-004
1.459387162197e-004
2.604700825892e-005
1.947337512246e-003
1.477134965931e-003
2.787578198486e-004
5.563343108883e-004
4.219206322600e-004
7.838840612863e-005
3.803064700156e-005
2.842616270755e-005
1.150506057665e-006
1.146952587273e-002
8.700782212310e-003
1.649984080792e-003
3.276933655916e-003
2.485880282158e-003
4.712699591131e-004
2.336250474669e-004
1.770694588805e-004
3.195111462562e-005
9.445227929449e-003
7.165144240961e-003
1.358676905926e-003
2.698574098468e-003
2.047135373887e-003
3.879852586796e-004
1.922776843827e-004
1.457024937822e-004
2.600220745180e-005
1.944404658476e-003
1.474923709173e-003
2.783058587650e-004
5.554858934357e-004
4.212397558224e-004
7.825927439046e-005
3.796653850581e-005
2.837752867629e-005
1.141282362082e-006
1.235141996596e-002
9.369779102144e-003
1.776714144222e-003
3.528895254883e-003
2.677015902334e-003
5.075735464815e-004
2.516482570164e-004
1.907422385388e-004
3.454422800908e-005
1.017146450621e-002
7.716060129908e-003
1.463018571117e-003
2.906063367224e-003
2.204534536694e-003
4.178823306301e-004
2.071203275411e-004
1.569624299713e-004
2.813771259112e-005
2.093747313148e-003
1.588192344137e-003
2.998493370823e-004
5.981619538066e-004
4.536948660146e-004
8.441455390968e-005
4.102237680313e-005
3.069575083288e-005
1.580945184883e-006
3.324987429495e-003
2.522157703330e-003
4.771687355397e-004
9.499205922928e-004
7.205540004759e-004
1.350772391832e-004
6.617427663493e-005
4.977650242941e-005
5.199708418708e-006
2.737950437115e-003
2.076844808242e-003
3.926520129105e-004
7.822035826471e-004
5.933282106975e-004
1.109296041463e-004
5.418598793005e-005
4.068193858433e-005
3.474877344642e-006
5.626304677074e-004
4.263984404844e-004
7.662800701534e-005
1.594948769454e-004
1.205714405960e-004
1.862633462271e-005
6.943825401721e-006
4.163579948191e-006
-1.023607862948e-005
