5
rs722208
rs6486431
rs144848
rs1799949
rs738722
2.542846199039e-002
1.929055737202e-002
4.789165793113e-003
7.265274854396e-003
5.511587820576e-003
1.399698885093e-003
6.728917993440e-004
5.246592069938e-004
6.760000000000e-004
2.094108634502e-002
1.588634136519e-002
4.056304123704e-003
5.983167527150e-003
4.538954675769e-003
1.185510087730e-003
5.699225916152e-004
4.443732785214e-004
6.760000000000e-004
5.651152409338e-003
4.406249481082e-003
9.050417290720e-004
1.651626205594e-003
1.287786381290e-003
6.760000000000e-004
6.760000000000e-004
6.760000000000e-004
1.757600000000e-003
2.738449752811e-002
2.077444640063e-002
5.317985033099e-003
7.824142150888e-003
5.935556114467e-003
1.554253505376e-003
7.471924490383e-004
5.825920276727e-004
6.760000000000e-004
2.255193914080e-002
1.710836762405e-002
4.504200846539e-003
6.443411183084e-003
4.888105035443e-003
1.316414000994e-003
6.328533910004e-004
4.934409344701e-004
6.760000000000e-004
6.275152131053e-003
4.892787137624e-003
1.069555502917e-003
1.833998617099e-003
1.429983633346e-003
6.760000000000e-004
6.760000000000e-004
6.760000000000e-004
1.757600000000e-003
9.713376519337e-003
7.573598648156e-003
1.572593147905e-003
2.838866489892e-003
2.213487283988e-003
6.760000000000e-004
6.760000000000e-004
6.760000000000e-004
1.757600000000e-003
8.226987941645e-003
6.414649388829e-003
1.409863976912e-003
2.404449197845e-003
1.874768589285e-003
6.760000000000e-004
6.760000000000e-004
6.760000000000e-004
1.757600000000e-003
1.860772321673e-003
1.533612512910e-003
1.757600000000e-003
6.760000000000e-004
6.760000000000e-004
1.757600000000e-003
1.757600000000e-003
1.757600000000e-003
4.569760000000e-003
2.944348230470e-002
2.233643485184e-002
5.722517593057e-003
8.412423515629e-003
6.381838529098e-003
1.672483651839e-003
8.040304567254e-004
6.269090843960e-004
6.760000000000e-004
2.424757366269e-002
1.839471105446e-002
4.846829847500e-003
6.927878189341e-003
5.255631729845e-003
1.416551989814e-003
6.809937676179e-004
5.309763775311e-004
6.760000000000e-004
6.752495211167e-003
5.264975418297e-003
1.152927200801e-003
1.973508629052e-003
1.538760723972e-003
6.760000000000e-004
6.760000000000e-004
6.760000000000e-004
1.757600000000e-003
3.170836555891e-002
2.405462214814e-002
6.354397451699e-003
9.059533016831e-003
6.872749185182e-003
1.857159140611e-003
8.928114247308e-004
6.961323269965e-004
6.760000000000e-004
2.611277163675e-002
1.980968882788e-002
5.382016346991e-003
7.460791896214e-003
5.659911093679e-003
1.572967528347e-003
7.561890358930e-004
5.896067395913e-004
6.760000000000e-004
7.498105102292e-003
5.846333512697e-003
1.362500305200e-003
2.191423267718e-003
1.708670539528e-003
6.760000000000e-004
6.760000000000e-004
6.760000000000e-004
1.757600000000e-003
1.160639878031e-002
9.049603496531e-003
2.003316927576e-003
3.392128010291e-003
2.644869789817e-003
6.760000000000e-004
6.760000000000e-004
6.760000000000e-004
1.757600000000e-003
9.830330639552e-003
7.664788726600e-003
1.796017217988e-003
2.873047923307e-003
2.240138825539e-003
6.760000000000e-004
6.760000000000e-004
6.760000000000e-004
1.757600000000e-003
2.370426639171e-003
1.953659731729e-003
1.757600000000e-003
7.250523864323e-004
6.760000000000e-004
1.757600000000e-003
1.757600000000e-003
1.757600000000e-003
4.569760000000e-003
1.124735169096e-002
8.769651561683e-003
1.827315327286e-003
3.287191611686e-003
2.563050026624e-003
6.760000000000e-004
6.760000000000e-004
6.760000000000e-004
1.757600000000e-003
9.526226699109e-003
7.427676411675e-003
1.638227953512e-003
2.784169407763e-003
2.170839524329e-003
6.760000000000e-004
6.760000000000e-004
6.760000000000e-004
1.757600000000e-003
2.162172580055e-003
1.782020769130e-003
1.757600000000e-003
6.760000000000e-004
6.760000000000e-004
1.757600000000e-003
1.757600000000e-003
1.757600000000e-003
4.569760000000e-003
1.248928321516e-002
9.737995668806e-003
2.159475194440e-003
3.650163002712e-003
2.846061771399e-003
6.760000000000e-004
6.760000000000e-004
6.760000000000e-004
1.757600000000e-003
1.057811176231e-002
8.247839747956e-003
1.936016502254e-003
3.091597133970e-003
2.410543422039e-003
6.760000000000e-004
6.760000000000e-004
6.760000000000e-004
1.757600000000e-003
2.555201055344e-003
2.105947227307e-003
1.757600000000e-003
7.815701158503e-004
6.760000000000e-004
1.757600000000e-003
1.757600000000e-003
1.757600000000e-003
4.569760000000e-003
3.756973490569e-003
3.096424795608e-003
1.757600000000e-003
1.149161315557e-003
9.471165023056e-004
1.757600000000e-003
1.757600000000e-003
1.757600000000e-003
4.569760000000e-003
3.368208486488e-003
2.776012207837e-003
1.757600000000e-003
1.030248125284e-003
8.491105536854e-004
1.757600000000e-003
1.757600000000e-003
1.757600000000e-003
4.569760000000e-003
1.757600000000e-003
1.757600000000e-003
4.569760000000e-003
1.757600000000e-003
1.757600000000e-003
4.569760000000e-003
4.569760000000e-003
4.569760000000e-003
1.188137600000e-002
