3
rs722208
rs6486431
rs144848
rs1799949
0.001
AG
0.172196851461048
0.13063209421183
0.0435760752360022
0.0491991004174424
0.0373234554890942
0.0124503072102863
0.00618105570475254
0.00468907674153641
0.00595047480351323
0.141809171791454
0.107579371703862
0.03588617960612
0.0405169062261297
0.0307369633439605
0.0102531941731772
0.00509028116861983
0.0042673464435518
0.00595047480351323
0.0513519541422538
0.0389566548665374
0.0110824966430667
0.0146719868977868
0.0111304728190107
0.00595047480351323
0.00595047480351323
0.00595047480351323
0.0106666666666667
