5
rs12125299
rs12107009
rs17118374
rs10743624
rs11077722
0.001
AG
0.516537622984614
0.074186539635518
0.00273034992078727
0.0636076053781478
0.00913549744980901
0.000336221433982296
0.0020071793176736
0.000288276557950977
0.00016565204915932
0.0636076053781478
0.00913549744980901
0.000336221433982296
0.00783278367713922
0.00112496571568773
4.14030640572679e-005
0.000247168578397173
3.54990241213518e-005
0.00016565204915932
0.0020071793176736
0.000288276557950977
0.00016565204915932
0.000247168578397173
3.54990241213518e-005
0.00016565204915932
0.00016565204915932
0.00016565204915932
0.000197317308726772
0.0636076053781478
0.00913549744980901
0.000336221433982296
0.00783278367713922
0.00112496571568773
4.14030640572679e-005
0.000247168578397173
3.54990241213518e-005
0.00016565204915932
0.00783278367713922
0.00112496571568773
4.14030640572679e-005
0.000964546609923725
0.000138530809999763
5.09846648688225e-006
3.04368950043228e-005
4.3714297219499e-006
0.00016565204915932
0.000247168578397173
3.54990241213518e-005
0.00016565204915932
3.04368950043228e-005
4.3714297219499e-006
0.00016565204915932
0.00016565204915932
0.00016565204915932
0.000197317308726772
0.0020071793176736
0.000288276557950977
0.00016565204915932
0.000247168578397173
3.54990241213518e-005
0.00016565204915932
0.00016565204915932
0.00016565204915932
0.000197317308726772
0.000247168578397173
3.54990241213518e-005
0.00016565204915932
3.04368950043228e-005
4.3714297219499e-006
0.00016565204915932
0.00016565204915932
0.00016565204915932
0.000197317308726772
0.00016565204915932
0.00016565204915932
0.000197317308726772
0.00016565204915932
0.00016565204915932
0.000197317308726772
0.000197317308726772
0.000197317308726772
0.000257106860925857
0.074186539635518
0.0106548727879522
0.000392140288730433
0.00913549744980901
0.00131206501422766
4.82890376780576e-005
0.000288276557950977
4.14030640572679e-005
0.00016565204915932
0.00913549744980901
0.00131206501422766
4.82890376780576e-005
0.00112496571568773
0.000161570638694701
5.94642077564191e-006
3.54990241213518e-005
5.09846648688225e-006
0.00016565204915932
0.000288276557950977
4.14030640572679e-005
0.00016565204915932
3.54990241213518e-005
5.09846648688225e-006
0.00016565204915932
0.00016565204915932
0.00016565204915932
0.000197317308726772
0.00913549744980901
0.00131206501422766
4.82890376780576e-005
0.00112496571568773
0.000161570638694701
5.94642077564191e-006
3.54990241213518e-005
5.09846648688225e-006
0.00016565204915932
0.00112496571568773
0.000161570638694701
5.94642077564191e-006
0.000138530809999763
1.98961720685619e-005
7.32255636915564e-007
4.3714297219499e-006
6.27836637450468e-007
0.00016565204915932
3.54990241213518e-005
5.09846648688225e-006
0.00016565204915932
4.3714297219499e-006
6.27836637450468e-007
0.00016565204915932
0.00016565204915932
0.00016565204915932
0.000197317308726772
0.000288276557950977
4.14030640572679e-005
0.00016565204915932
3.54990241213518e-005
5.09846648688225e-006
0.00016565204915932
0.00016565204915932
0.00016565204915932
0.000197317308726772
3.54990241213518e-005
5.09846648688225e-006
0.00016565204915932
4.3714297219499e-006
6.27836637450468e-007
0.00016565204915932
0.00016565204915932
0.00016565204915932
0.000197317308726772
0.00016565204915932
0.00016565204915932
0.000197317308726772
0.00016565204915932
0.00016565204915932
0.000197317308726772
0.000197317308726772
0.000197317308726772
0.000257106860925857
0.00273034992078727
0.000392140288730433
0.00016565204915932
0.000336221433982296
4.82890376780576e-005
0.00016565204915932
0.00016565204915932
0.00016565204915932
0.000197317308726772
0.000336221433982296
4.82890376780576e-005
0.00016565204915932
4.14030640572679e-005
5.94642077564191e-006
0.00016565204915932
0.00016565204915932
0.00016565204915932
0.000197317308726772
0.00016565204915932
0.00016565204915932
0.000197317308726772
0.00016565204915932
0.00016565204915932
0.000197317308726772
0.000197317308726772
0.000197317308726772
0.000257106860925857
0.000336221433982296
4.82890376780576e-005
0.00016565204915932
4.14030640572679e-005
5.94642077564191e-006
0.00016565204915932
0.00016565204915932
0.00016565204915932
0.000197317308726772
4.14030640572679e-005
5.94642077564191e-006
0.00016565204915932
5.09846648688225e-006
7.32255636915564e-007
0.00016565204915932
0.00016565204915932
0.00016565204915932
0.000197317308726772
0.00016565204915932
0.00016565204915932
0.000197317308726772
0.00016565204915932
0.00016565204915932
0.000197317308726772
0.000197317308726772
0.000197317308726772
0.000257106860925857
0.00016565204915932
0.00016565204915932
0.000197317308726772
0.00016565204915932
0.00016565204915932
0.000197317308726772
0.000197317308726772
0.000197317308726772
0.000257106860925857
0.00016565204915932
0.00016565204915932
0.000197317308726772
0.00016565204915932
0.00016565204915932
0.000197317308726772
0.000197317308726772
0.000197317308726772
0.000257106860925857
0.000197317308726772
0.000197317308726772
0.000257106860925857
0.000197317308726772
0.000197317308726772
0.000257106860925857
0.000257106860925857
0.000257106860925857
0.00037
