4
rs676292
rs6759198
rs2367128
rs10516182
0.01
AG
0.0081
0.0081
0.0108
0.0081
0.0081
0.0108
0.0108
0.0108
0.0144
0.0081
0.0081
0.0108
0.0081
0.0081
0.0108
0.0108
0.0108
0.0144
0.0108
0.0108
0.0144
0.0108
0.0108
0.0144
0.0144
0.0144
0.0192
0.0081
0.0081
0.0108
0.0081
0.0081
0.0108
0.0108
0.0108
0.0144
0.0081
0.0081
0.0108
0.0081
0.0081
0.0108
0.0108
0.0108
0.0144
0.0108
0.0108
0.0144
0.0108
0.0108
0.0144
0.0144
0.0144
0.0192
0.0108
0.0108
0.0144
0.0108
0.0108
0.0144
0.0144
0.0144
0.0192
0.0108
0.0108
0.0144
0.0108
0.0108
0.0144
0.0144
0.0144
0.0192
0.0144
0.0144
0.0192
0.0144
0.0144
0.0192
0.0192
0.0192
0.0256
