4
rs676292
rs6759198
rs2367128
rs10516182
0.008100
0.008100
0.010800
0.008100
0.008100
0.010800
0.010800
0.010800
0.014400
0.008100
0.008100
0.010800
0.008100
0.008100
0.010800
0.010800
0.010800
0.014400
0.010800
0.010800
0.014400
0.010800
0.010800
0.014400
0.014400
0.014400
0.019200
0.008100
0.008100
0.010800
0.008100
0.008100
0.010800
0.010800
0.010800
0.014400
0.008100
0.008100
0.010800
0.008100
0.008100
0.010800
0.010800
0.010800
0.014400
0.010800
0.010800
0.014400
0.010800
0.010800
0.014400
0.014400
0.014400
0.019200
0.010800
0.010800
0.014400
0.010800
0.010800
0.014400
0.014400
0.014400
0.019200
0.010800
0.010800
0.014400
0.010800
0.010800
0.014400
0.014400
0.014400
0.019200
0.014400
0.014400
0.019200
0.014400
0.014400
0.019200
0.019200
0.019200
0.025600
