4
rs676292
rs6759198
rs2367128
rs10516182
0.017913
0.021512
0.006369
0.033586
0.040319
0.012011
0.015639
0.018788
0.005524
0.031409
0.037707
0.011228
0.058837
0.070620
0.021102
0.027450
0.032961
0.009776
0.013668
0.016424
0.004814
0.025668
0.030823
0.009134
0.011911
0.014323
0.004147
0.010367
0.012456
0.003652
0.019467
0.023377
0.006929
0.009035
0.010864
0.003146
0.018203
0.021860
0.006474
0.034129
0.040971
0.012207
0.015893
0.019093
0.005615
0.007891
0.009491
0.002734
0.014858
0.017852
0.005243
0.006855
0.008255
0.002326
0.001408
0.001711
0.000401
0.002729
0.003296
0.000876
0.001182
0.001447
0.000284
0.002545
0.003076
0.000810
0.004857
0.005850
0.001642
0.002177
0.002642
0.000642
0.001016
0.001248
0.000224
0.002027
0.002462
0.000588
0.000822
0.001026
0.000107
